select t1.id, t2.id, t1.reading_start_id, t1.reading_stop_id 
FROM trip_legs t1 
left join trip_legs t2 on t1.trip_event_id = t2.trip_event_id 

WHERE t1.created_at > DATE_SUB(NOW(), INTERVAL 1 WEEK) AND t2.created_at > DATE_SUB(NOW(), INTERVAL 1 WEEK) 
AND t1.reading_start_id = t2.reading_start_id 
AND t1.reading_stop_id = t2.reading_stop_id 
AND t1.id > t2.id


delete from trip_legs where id in (36584, 36586, 36590, 36592, 36597, 36602, 36609, 36613, 36617, 36619, 36623, 36770, 36774, 36775, 36781, 36789, 36791, 36808, 36814, 36822, 36824, 36829, 36831, 36836, 36838, 36841, 36845, 36847, 36850, 37866, 37868, 37870, 37872, 37878, 37879, 37882, 37879, 37882, 37882, 37910, 37947, 37948, 37950, 53844, 53851, 53853, 53855, 53862, 53866, 53870, 53873, 53882, 53888, 53891, 53893, 53897, 53901, 53904, 53906, 53909, 53911, 53914, 53920, 53922, 53925, 54150, 54211, 54213, 54215, 54217, 54219, 54221, 54223, 54225, 54227, 54230, 54235, 54237, 54239, 54241, 54243, 54245, 54247, 54249, 54251, 54253, 54259, 54262, 54353, 54356, 54361, 54446, 54447, 54449, 54451, 54453, 54455, 54457, 54459);



delete from trip_legs where id in (23753, 23760, 23762, 23764, 23766, 23953, 23956, 24011, 24019, 24022, 24023, 24024, 24027, 24028, 24342, 24344, 24346, 24348, 24351, 24354, 24357, 24358, 24360, 24366, 24372, 24377, 24379, 24382, 24383, 24387, 24390, 24391, 24395, 24405, 24417, 24419, 24425, 24426, 24428, 24522, 24615, 24616, 24769, 24771, 24777, 24799, 24801, 24825, 24827, 24835, 24840, 25948, 29057, 29069, 29075, 29087, 29089, 29094, 29105, 29107, 29115, 29117, 29170, 29173, 29184, 29205, 29207, 29209, 29217, 29238, 29241, 29243, 29269, 29270, 29616, 29618, 29626, 29629, 29632, 29635, 29652, 29751, 29753, 29755, 30339, 30341, 31709, 32511, 33797, 33799, 33802, 33804, 33806, 33808, 33810, 33814, 33815, 33816, 33818, 33898, 33901, 33967, 33973, 34032, 34034, 34144, 34145, 34147, 34152, 34154, 34161, 34327, 34896, 34898, 34901, 35078, 35227, 35232, 35234, 35247, 35249, 35257, 35271, 35276, 35279);




delete from trip_legs where id in (1939, 2384, 2565, 2569, 2571, 2575, 2576, 2578, 2580, 2581, 2584, 2588, 2589, 2591, 2593, 2594, 2595, 2598, 2604, 2605, 2610, 2612, 2614, 2618, 2619, 2622, 2625, 2627, 2628, 2633, 2638, 2639, 2641, 2642, 2645, 2647, 2648, 2650, 2654, 2656, 2657, 2659, 2660, 2662, 2663, 2665, 2667, 2668, 2671, 2672, 2673, 2675, 2676, 2678, 2681, 2682, 2683, 2686, 2688, 2691, 2692, 2696, 2697, 2698, 2700, 2702, 2705, 2706, 2708, 2710, 2712, 2714, 2717, 2718, 2720, 2722, 2724, 2726, 2728, 2730, 2732, 2734, 2736, 2738, 2748, 4389, 4392, 4404, 4406, 4409, 4410, 4411, 4412, 4413, 4414, 4420, 4421, 4422, 4429, 4433, 4436, 4438, 4439, 4442, 4445, 4446, 4449, 4450, 4451, 4452, 4453, 4454, 4455, 4456, 4457, 4458, 4459, 4460, 4463, 4466, 4468, 4469, 4471, 4472, 4473, 4478, 4479, 4480, 4481, 4487, 4490, 4491, 4492, 4493, 4494, 4495, 4497, 4498, 4500, 4503, 4504, 4506, 4508, 4510, 4511, 4513, 4515, 4516, 4519, 4521, 4522, 4524, 4528, 4529, 4530, 4531, 4532, 4533, 4534, 4537, 4538, 4539, 4541, 4542, 4544, 4545, 4547, 4551, 4552, 4555, 4556, 4557, 4558, 4561, 4562, 4563, 4564, 4565, 4566, 4567, 4569, 4570, 4571, 4572, 4573, 4576, 4577, 4578, 4585, 4591, 4586, 4592, 4587, 4595, 4588, 4598, 4589, 4599, 4590, 4600, 4593, 4602, 4594, 4603, 4596, 4604, 4597, 4605, 4601, 4607, 4606, 4608, 4609, 4610, 4611, 4612, 4613, 4614, 4615, 4617, 4616, 4621, 4618, 4624, 4619, 4625, 4620, 4628, 4622, 4630, 4626, 4638, 4627, 4640, 4629, 4646, 4631, 4649, 4632, 4650, 4633, 4653, 4636, 4654, 4637, 4655, 4641, 4657, 4642, 4658, 4643, 4660, 4644, 4661, 4645, 4662, 4647, 4664, 4648, 4665, 4651, 4666, 4652, 4667, 4656, 4675, 4659, 4676, 4668, 4685, 4671, 4686, 4672, 4688, 4673, 4690, 4674, 4692, 4677, 4698, 4678, 4699, 4679, 4700, 4680, 4701, 4681, 4702, 4682, 4703, 4684, 4708, 4691, 4718, 4693, 4721, 4694, 4722, 4696, 4723, 4704, 4730, 4705, 4733, 4706, 4735, 4709, 4741, 4710, 4744, 4591, 4592, 4595, 4598, 4599, 4600, 4602, 4603, 4604, 4605, 4607, 4608, 4610, 4612, 4614, 4617, 4621, 4624, 4625, 4628, 4630, 4638, 4640, 4646, 4649, 4650, 4653, 4654, 4655, 4657, 4658, 4660, 4661, 4662, 4664, 4665, 4666, 4667, 4675, 4676, 4685, 4686, 4688, 4690, 4692, 4698, 4699, 4700, 4701, 4702, 4703, 4708, 4718, 4721, 4722, 4723, 4730, 4733, 4735, 4741, 4744, 4749, 5772, 5774, 5777, 5779, 5782, 6114, 6116, 6775, 6778, 6849, 7873, 7888, 7897, 7901, 7905, 7906, 7907, 7908, 7910, 7912, 7914, 7915, 7916, 7917, 7919, 7921, 7922, 7923, 7925, 7926, 7930, 7931, 7935, 7936, 7937, 7938, 7939, 7940, 7941, 7942, 7943, 7944, 7945, 7947, 7948, 7949, 7950, 7951, 7953, 7955, 7956, 7958, 7960, 7961, 7963, 7965, 7970, 7971, 7972, 7973, 7974, 7975, 7976, 7977, 7979, 7980, 7981, 7982, 7983, 7984, 7985, 7986, 7989, 7991, 7993, 7994, 7995, 7996, 7998, 7999, 8000, 8001, 8002, 8009, 8010, 8012, 8016, 8017, 8026, 8027, 8028, 8030, 8031, 8032, 8033, 8034, 8035, 8036, 8037, 8038, 8039, 8040, 8041, 8042, 8043, 8044, 8045, 8046, 8048, 8050, 8052, 8054, 8055, 8056, 8057, 8058, 8059, 8060, 8061, 8062, 8063, 8064, 8065, 8066, 8067, 8069, 8070, 8071, 8072, 8074, 8077, 8078, 8079, 8080, 8081, 8084, 8085, 8089, 8091, 8093, 8098, 8099, 8100, 8101, 8103, 8105, 8106, 8108, 8110, 8111, 8112, 8115, 8116, 8118, 8120, 8121, 8125, 8126, 8128, 8129, 8131, 8134, 8135, 8136, 8137, 8139, 8138, 8141, 8140, 8142, 8143, 8148, 8144, 8150, 8145, 8152, 8146, 8155, 8153, 8157, 8156, 8162, 8159, 8164, 8163, 8167, 8165, 8168, 8170, 8174, 8126, 8129, 8134, 8136, 8139, 8141, 8142, 8148, 8150, 8152, 8155, 8157, 8162, 8164, 8167, 8168, 8174, 8191, 8193, 8202, 8206, 8208, 8223, 8230, 8234, 8247, 8265, 8267, 8269, 8290, 8292, 8294, 8302, 8304, 9038, 9110, 9114, 11291, 11292, 11293, 11294, 11287, 11295, 11288, 11296, 11295, 11296, 13213, 13241, 13264, 13274, 13275, 13285, 13635, 13641, 13643, 13645, 13647, 13649, 13792, 13797, 13799, 13802, 13804, 13807, 13809, 16348, 16350, 17495, 17498, 17503, 17505, 17507, 17510, 17512, 17514, 17516, 17518, 17519, 17525, 17526, 17529, 17531, 17534, 17583, 18350, 18488, 18491, 18492, 19133, 19135, 19137, 19139, 19141, 19143, 19156, 19158, 19160, 19162, 19164, 19448, 19450, 19454, 19465, 19470, 19472, 19481, 19483, 19488, 19491, 19500, 19502, 19507, 19510, 19514, 19523, 20280, 19524, 20281, 19526, 20282, 19527, 20283, 20280, 20281, 19529, 20284, 20282, 20283, 19530, 20285, 20284, 20285, 19535, 20286, 19536, 20287, 19537, 20288, 19539, 20289, 20286, 20287, 20288, 19547, 20290, 20289, 19548, 20291, 19549, 20292, 19550, 20293, 19552, 20294, 19553, 20295, 19555, 20296, 19556, 20297, 20290, 20291, 20292, 20293, 19558, 20298, 20294, 20295, 19562, 20299, 20296, 20297, 19563, 20300, 20298, 19564, 20301, 19565, 20302, 19568, 20303, 20299, 20300, 20301, 20302, 19574, 20304, 19575, 20305, 20303, 19579, 20306, 19582, 20307, 19583, 20308, 19584, 20309, 19585, 20310, 20304, 20305, 19587, 20311, 19588, 20312, 19589, 20313, 20306, 19592, 20314, 19593, 20315, 20307, 20308, 20309, 20310, 19594, 20316, 20311, 20312, 20313, 19599, 20317, 19600, 20318, 20314, 20315, 20316, 19602, 20319, 19604, 20320, 19606, 20321, 19607, 20322, 20317, 20318, 19609, 20323, 20319, 19611, 20324, 20320, 19613, 20325, 20321, 20322, 19614, 20326, 20323, 19615, 20327, 20324, 19618, 20328, 20325, 20326, 20327, 19620, 20329, 19622, 20330, 20328, 19623, 20331, 20329, 19626, 20332, 20330, 20331, 19628, 20333, 19629, 20334, 20332, 19630, 20335, 20333, 20334, 20335, 19632, 20336, 20336, 19634, 20337, 20337, 19636, 20338, 20338, 19638, 20339, 20339, 19640, 20340, 20340, 19642, 20341, 20341, 19647, 20342, 19648, 20343, 19649, 20344, 19650, 20345, 20342, 20343, 20344, 20345, 19652, 20346, 20346, 19654, 20347, 20347, 19656, 20348, 20348, 19658, 20349, 20349, 19661, 20350, 19662, 20351, 20350, 20351, 19664, 20352, 20352, 19666, 20353, 20353, 19668, 20354, 20354, 19670, 20355, 20355, 19672, 20356, 20356, 19674, 20357, 20357, 19676, 20358, 20358, 19678, 20359, 20359, 19680, 20360, 20360, 19682, 20361, 20361, 19684, 20362, 20362, 19686, 20363, 20363, 19688, 20364, 20364, 19691, 20365, 19692, 20366, 20365, 20366, 19694, 20367, 20367, 19696, 20368, 20368, 19698, 20369, 20369, 19700, 20370, 20370, 19702, 20371, 20371, 19705, 20372, 19706, 20373, 20372, 20373, 19709, 20374, 19710, 20375, 20374, 20375, 19712, 20376, 20376, 19714, 20377, 20377, 19719, 20378, 19720, 20379, 19721, 20380, 19722, 20381, 20378, 20379, 20380, 20381, 19724, 20382, 20382, 19727, 20383, 19728, 20384, 20383, 20384, 19730, 20385, 20385, 19753, 19762, 19773, 19778, 19780, 19782, 19814, 19818, 19820, 19822, 19824, 19826, 19828, 19830, 19832, 19834, 19841, 21969, 21972, 23341, 23343);